[
  "pinhole_focal_lengths_statistics:",
  {
    "median": 1143.552160256604,
    "mean": 1141.8416839589788,
    "min": 1126.5541268938616,
    "max": 1150.6325826234115,
    "stdev": 6.343018106163813
  },
  "pinhole_focal_lengths:",
  [
    1149.4106688499428,
    1147.1434041840166,
    1150.6325826234115,
    1131.8523459258358,
    1148.1602923909495,
    1140.7720028842214,
    1149.2512888107653,
    1143.552160256604,
    1143.5527901909168,
    1138.4687553245606,
    1142.566269543191,
    1134.437170440634,
    1144.8654361218014,
    1144.9823050905457,
    1144.948621086176,
    1144.2770920897508,
    1140.48429163251,
    1142.7188370019928,
    1137.2297083276778,
    1132.815213469188,
    1126.5541268938616
  ],
  "list_of_camera_params_for_disk_output:",
  [
    {
      "R": [
        [
          -0.9998037219047546,
          -0.00758187472820282,
          0.018304329365491867
        ],
        [
          -0.019660361111164093,
          0.4939342141151428,
          -0.8692770004272461
        ],
        [
          -0.0024503767490386963,
          -0.8694661855697632,
          -0.4939863383769989
        ]
      ],
      "aspect": 1.0,
      "focal": 1149.4106688499428,
      "ppx": 671.0,
      "ppy": 447.0,
      "t": [
        [
          0.0
        ],
        [
          0.0
        ],
        [
          0.0
        ]
      ]
    },
    {
      "R": [
        [
          -0.6957165002822876,
          -0.20812396705150604,
          -0.6875048875808716
        ],
        [
          0.49638471007347107,
          0.5525161027908325,
          -0.669573187828064
        ],
        [
          0.5192117094993591,
          -0.8070999383926392,
          -0.2810850143432617
        ]
      ],
      "aspect": 1.0,
      "focal": 1147.1434041840166,
      "ppx": 671.0,
      "ppy": 447.0,
      "t": [
        [
          0.0
        ],
        [
          0.0
        ],
        [
          0.0
        ]
      ]
    },
    {
      "R": [
        [
          0.03319593518972397,
          -0.28191107511520386,
          -0.9588660597801208
        ],
        [
          0.7000910639762878,
          0.6912548542022705,
          -0.1789950430393219
        ],
        [
          0.713281512260437,
          -0.6653516292572021,
          0.2203102856874466
        ]
      ],
      "aspect": 1.0,
      "focal": 1150.6325826234115,
      "ppx": 671.0,
      "ppy": 447.0,
      "t": [
        [
          0.0
        ],
        [
          0.0
        ],
        [
          0.0
        ]
      ]
    },
    {
      "R": [
        [
          0.7066550850868225,
          -0.19926315546035767,
          -0.678920328617096
        ],
        [
          0.4972337484359741,
          0.8224983811378479,
          0.27614304423332214
        ],
        [
          0.5033857226371765,
          -0.5327199697494507,
          0.6803029775619507
        ]
      ],
      "aspect": 1.0,
      "focal": 1131.8523459258358,
      "ppx": 671.0,
      "ppy": 447.0,
      "t": [
        [
          0.0
        ],
        [
          0.0
        ],
        [
          0.0
        ]
      ]
    },
    {
      "R": [
        [
          0.9999706149101257,
          0.005557820200920105,
          -0.0052824318408966064
        ],
        [
          -0.0023790858685970306,
          0.8798133134841919,
          0.47531330585479736
        ],
        [
          0.007289290428161621,
          -0.47528672218322754,
          0.8798007369041443
        ]
      ],
      "aspect": 1.0,
      "focal": 1148.1602923909495,
      "ppx": 671.0,
      "ppy": 447.0,
      "t": [
        [
          0.0
        ],
        [
          0.0
        ],
        [
          0.0
        ]
      ]
    },
    {
      "R": [
        [
          0.7046404480934143,
          0.20407840609550476,
          0.6795834302902222
        ],
        [
          -0.5036120414733887,
          0.8185296058654785,
          0.27637702226638794
        ],
        [
          -0.4998566210269928,
          -0.5369929075241089,
          0.6795454025268555
        ]
      ],
      "aspect": 1.0,
      "focal": 1140.7720028842214,
      "ppx": 671.0,
      "ppy": 447.0,
      "t": [
        [
          0.0
        ],
        [
          0.0
        ],
        [
          0.0
        ]
      ]
    },
    {
      "R": [
        [
          -0.006522059440612793,
          0.2810235619544983,
          0.9596787095069885
        ],
        [
          -0.7007811069488525,
          0.6833281517028809,
          -0.20486216247081757
        ],
        [
          -0.7133466005325317,
          -0.6738607287406921,
          0.19247928261756897
        ]
      ],
      "aspect": 1.0,
      "focal": 1149.2512888107653,
      "ppx": 671.0,
      "ppy": 447.0,
      "t": [
        [
          0.0
        ],
        [
          0.0
        ],
        [
          0.0
        ]
      ]
    },
    {
      "R": [
        [
          -0.6999629735946655,
          0.20202356576919556,
          0.6850097179412842
        ],
        [
          -0.49367088079452515,
          0.5562411546707153,
          -0.6684944033622742
        ],
        [
          -0.516082227230072,
          -0.8060906529426575,
          -0.28961503505706787
        ]
      ],
      "aspect": 1.0,
      "focal": 1143.552160256604,
      "ppx": 671.0,
      "ppy": 447.0,
      "t": [
        [
          0.0
        ],
        [
          0.0
        ],
        [
          0.0
        ]
      ]
    },
    {
      "R": [
        [
          -0.9999858736991882,
          0.0013275742530822754,
          0.005151510238647461
        ],
        [
          -0.005119826644659042,
          0.022860988974571228,
          -0.9997255206108093
        ],
        [
          -0.001444995403289795,
          -0.9997377395629883,
          -0.022853896021842957
        ]
      ],
      "aspect": 1.0,
      "focal": 1143.5527901909168,
      "ppx": 671.0,
      "ppy": 447.0,
      "t": [
        [
          0.0
        ],
        [
          0.0
        ],
        [
          0.0
        ]
      ]
    },
    {
      "R": [
        [
          -0.7210400700569153,
          -0.48660290241241455,
          -0.4932735562324524
        ],
        [
          0.48398733139038086,
          0.15574413537979126,
          -0.8611039519309998
        ],
        [
          0.4958401620388031,
          -0.8596286177635193,
          0.12321189045906067
        ]
      ],
      "aspect": 1.0,
      "focal": 1138.4687553245606,
      "ppx": 671.0,
      "ppy": 447.0,
      "t": [
        [
          0.0
        ],
        [
          0.0
        ],
        [
          0.0
        ]
      ]
    },
    {
      "R": [
        [
          0.005553416907787323,
          -0.7023971080780029,
          -0.7117636799812317
        ],
        [
          0.7021686434745789,
          0.5095226168632507,
          -0.4973388910293579
        ],
        [
          0.7119890451431274,
          -0.4970161020755768,
          0.49603071808815
        ]
      ],
      "aspect": 1.0,
      "focal": 1142.566269543191,
      "ppx": 671.0,
      "ppy": 447.0,
      "t": [
        [
          0.0
        ],
        [
          0.0
        ],
        [
          0.0
        ]
      ]
    },
    {
      "R": [
        [
          0.6945064663887024,
          -0.5064018964767456,
          -0.5110947489738464
        ],
        [
          0.5072997808456421,
          0.8483923673629761,
          -0.15125282108783722
        ],
        [
          0.5102035999298096,
          -0.1542321890592575,
          0.8461114764213562
        ]
      ],
      "aspect": 1.0,
      "focal": 1134.437170440634,
      "ppx": 671.0,
      "ppy": 447.0,
      "t": [
        [
          0.0
        ],
        [
          0.0
        ],
        [
          0.0
        ]
      ]
    },
    {
      "R": [
        [
          1.0,
          -3.725290298461914e-09,
          0.0
        ],
        [
          7.450580596923828e-09,
          1.0,
          2.9802322387695312e-08
        ],
        [
          1.4901161193847656e-08,
          1.4901161193847656e-08,
          1.0
        ]
      ],
      "aspect": 1.0,
      "focal": 1144.8654361218014,
      "ppx": 671.0,
      "ppy": 447.0,
      "t": [
        [
          0.0
        ],
        [
          0.0
        ],
        [
          0.0
        ]
      ]
    },
    {
      "R": [
        [
          0.7030121684074402,
          0.49905773997306824,
          0.5066707134246826
        ],
        [
          -0.4988265335559845,
          0.8538217544555664,
          -0.14886434376239777
        ],
        [
          -0.5068983435630798,
          -0.14808732271194458,
          0.8491902947425842
        ]
      ],
      "aspect": 1.0,
      "focal": 1144.9823050905457,
      "ppx": 671.0,
      "ppy": 447.0,
      "t": [
        [
          0.0
        ],
        [
          0.0
        ],
        [
          0.0
        ]
      ]
    },
    {
      "R": [
        [
          -0.02677641063928604,
          0.7007790207862854,
          0.7128757238388062
        ],
        [
          -0.6970746517181396,
          0.4980512261390686,
          -0.5157827734947205
        ],
        [
          -0.7164983749389648,
          -0.5107383728027344,
          0.47515925765037537
        ]
      ],
      "aspect": 1.0,
      "focal": 1144.948621086176,
      "ppx": 671.0,
      "ppy": 447.0,
      "t": [
        [
          0.0
        ],
        [
          0.0
        ],
        [
          0.0
        ]
      ]
    },
    {
      "R": [
        [
          -0.7019416093826294,
          0.4997559189796448,
          0.5074662566184998
        ],
        [
          -0.494669646024704,
          0.17053531110286713,
          -0.8521851897239685
        ],
        [
          -0.5124255418777466,
          -0.8492123484611511,
          0.12750819325447083
        ]
      ],
      "aspect": 1.0,
      "focal": 1144.2770920897508,
      "ppx": 671.0,
      "ppy": 447.0,
      "t": [
        [
          0.0
        ],
        [
          0.0
        ],
        [
          0.0
        ]
      ]
    },
    {
      "R": [
        [
          -0.9997139573097229,
          0.02385028451681137,
          0.0017608702182769775
        ],
        [
          -0.010266762226819992,
          -0.3615109622478485,
          -0.9323112964630127
        ],
        [
          -0.02159932255744934,
          -0.9320626854896545,
          0.3616524040699005
        ]
      ],
      "aspect": 1.0,
      "focal": 1140.48429163251,
      "ppx": 671.0,
      "ppy": 447.0,
      "t": [
        [
          0.0
        ],
        [
          0.0
        ],
        [
          0.0
        ]
      ]
    },
    {
      "R": [
        [
          0.01110769808292389,
          -0.9214811325073242,
          -0.38826441764831543
        ],
        [
          0.7057392597198486,
          0.2822989523410797,
          -0.6497995257377625
        ],
        [
          0.7083845734596252,
          -0.26679563522338867,
          0.6534609794616699
        ]
      ],
      "aspect": 1.0,
      "focal": 1142.7188370019928,
      "ppx": 671.0,
      "ppy": 447.0,
      "t": [
        [
          0.0
        ],
        [
          0.0
        ],
        [
          0.0
        ]
      ]
    },
    {
      "R": [
        [
          0.9998404383659363,
          -0.017860203981399536,
          0.0004068911075592041
        ],
        [
          0.016656748950481415,
          0.9237515926361084,
          -0.3826296627521515
        ],
        [
          0.006457969546318054,
          0.3825753927230835,
          0.9239016771316528
        ]
      ],
      "aspect": 1.0,
      "focal": 1137.2297083276778,
      "ppx": 671.0,
      "ppy": 447.0,
      "t": [
        [
          0.0
        ],
        [
          0.0
        ],
        [
          0.0
        ]
      ]
    },
    {
      "R": [
        [
          -0.042062245309352875,
          0.9197216033935547,
          0.3903113901615143
        ],
        [
          -0.6917731165885925,
          0.25506076216697693,
          -0.6755692958831787
        ],
        [
          -0.7208888530731201,
          -0.2984228730201721,
          0.6255102157592773
        ]
      ],
      "aspect": 1.0,
      "focal": 1132.815213469188,
      "ppx": 671.0,
      "ppy": 447.0,
      "t": [
        [
          0.0
        ],
        [
          0.0
        ],
        [
          0.0
        ]
      ]
    },
    {
      "R": [
        [
          -0.9997482299804688,
          0.018855415284633636,
          -0.012165158987045288
        ],
        [
          -0.0047568753361701965,
          -0.7079043984413147,
          -0.7062922120094299
        ],
        [
          -0.02192920446395874,
          -0.7060564756393433,
          0.7078158259391785
        ]
      ],
      "aspect": 1.0,
      "focal": 1126.5541268938616,
      "ppx": 671.0,
      "ppy": 447.0,
      "t": [
        [
          0.0
        ],
        [
          0.0
        ],
        [
          0.0
        ]
      ]
    }
  ]
]