[
  "pinhole_focal_lengths_statistics:",
  {
    "median": 1134.9819068563231,
    "mean": 1125.926002475049,
    "min": 942.500257012207,
    "max": 1194.8683986796307,
    "stdev": 49.94414382382386
  },
  "pinhole_focal_lengths:",
  [
    1159.4703114867814,
    1179.0156998328314,
    1194.8683986796307,
    942.500257012207,
    1101.106494400591,
    1123.420433413758,
    1146.492652314583,
    1143.7428292493282,
    1147.0603110909785,
    1160.0642746566361,
    1150.8692799373343,
    1112.477678306199,
    1093.8569100690827,
    1112.7201497322944,
    1134.9819068563231,
    1133.415518670794,
    1137.8769496681202,
    1148.976063407323,
    1085.6703947793396,
    1116.303341207085,
    1119.556197204809
  ],
  "list_of_camera_params_for_disk_output:",
  [
    {
      "R": [
        [
          -0.9998722076416016,
          -0.012427568435668945,
          0.010052138939499855
        ],
        [
          -0.015010440722107887,
          0.5139138102531433,
          -0.8577104806900024
        ],
        [
          0.005493320524692535,
          -0.8577517867088318,
          -0.5140346884727478
        ]
      ],
      "aspect": 1.0,
      "focal": 1159.4703114867814,
      "ppx": 671.0,
      "ppy": 447.0,
      "t": [
        [
          0.0
        ],
        [
          0.0
        ],
        [
          0.0
        ]
      ]
    },
    {
      "R": [
        [
          -0.6970519423484802,
          -0.21669378876686096,
          -0.6834926009178162
        ],
        [
          0.4767668843269348,
          0.5719092488288879,
          -0.6675426363945007
        ],
        [
          0.5355480909347534,
          -0.7911786437034607,
          -0.2953380346298218
        ]
      ],
      "aspect": 1.0,
      "focal": 1179.0156998328314,
      "ppx": 671.0,
      "ppy": 447.0,
      "t": [
        [
          0.0
        ],
        [
          0.0
        ],
        [
          0.0
        ]
      ]
    },
    {
      "R": [
        [
          0.010355815291404724,
          -0.2954292595386505,
          -0.9553084373474121
        ],
        [
          0.6755229830741882,
          0.7064591646194458,
          -0.21114972233772278
        ],
        [
          0.7372661828994751,
          -0.6431461572647095,
          0.2068852186203003
        ]
      ],
      "aspect": 1.0,
      "focal": 1194.8683986796307,
      "ppx": 671.0,
      "ppy": 447.0,
      "t": [
        [
          0.0
        ],
        [
          0.0
        ],
        [
          0.0
        ]
      ]
    },
    {
      "R": [
        [
          0.6243106722831726,
          -0.3009950816631317,
          -0.7208592891693115
        ],
        [
          0.6299699544906616,
          0.7396527528762817,
          0.23675239086151123
        ],
        [
          0.4619241952896118,
          -0.6019268035888672,
          0.6513909697532654
        ]
      ],
      "aspect": 1.0,
      "focal": 942.500257012207,
      "ppx": 671.0,
      "ppy": 447.0,
      "t": [
        [
          0.0
        ],
        [
          0.0
        ],
        [
          0.0
        ]
      ]
    },
    {
      "R": [
        [
          0.9988753199577332,
          0.04646502062678337,
          0.009439120069146156
        ],
        [
          -0.04495594650506973,
          0.8648642301559448,
          0.4999886751174927
        ],
        [
          0.015068430453538895,
          -0.49985069036483765,
          0.8659805059432983
        ]
      ],
      "aspect": 1.0,
      "focal": 1101.106494400591,
      "ppx": 671.0,
      "ppy": 447.0,
      "t": [
        [
          0.0
        ],
        [
          0.0
        ],
        [
          0.0
        ]
      ]
    },
    {
      "R": [
        [
          0.6903652548789978,
          0.195773646235466,
          0.6964685916900635
        ],
        [
          -0.5089402198791504,
          0.8156208395957947,
          0.2752136290073395
        ],
        [
          -0.5141746401786804,
          -0.54445880651474,
          0.6627132892608643
        ]
      ],
      "aspect": 1.0,
      "focal": 1123.420433413758,
      "ppx": 671.0,
      "ppy": 447.0,
      "t": [
        [
          0.0
        ],
        [
          0.0
        ],
        [
          0.0
        ]
      ]
    },
    {
      "R": [
        [
          -0.026014206930994987,
          0.26333242654800415,
          0.9643543362617493
        ],
        [
          -0.6907877922058105,
          0.6925687193870544,
          -0.20775152742862701
        ],
        [
          -0.722589373588562,
          -0.671568751335144,
          0.16389018297195435
        ]
      ],
      "aspect": 1.0,
      "focal": 1146.492652314583,
      "ppx": 671.0,
      "ppy": 447.0,
      "t": [
        [
          0.0
        ],
        [
          0.0
        ],
        [
          0.0
        ]
      ]
    },
    {
      "R": [
        [
          -0.7144274711608887,
          0.18149980902671814,
          0.6757597327232361
        ],
        [
          -0.4839426279067993,
          0.5693554878234863,
          -0.6645554304122925
        ],
        [
          -0.5053642392158508,
          -0.8018055558204651,
          -0.31892770528793335
        ]
      ],
      "aspect": 1.0,
      "focal": 1143.7428292493282,
      "ppx": 671.0,
      "ppy": 447.0,
      "t": [
        [
          0.0
        ],
        [
          0.0
        ],
        [
          0.0
        ]
      ]
    },
    {
      "R": [
        [
          -0.9999897480010986,
          -0.003922721371054649,
          0.002240450819954276
        ],
        [
          -0.0024304448161274195,
          0.04911850392818451,
          -0.9987900257110596
        ],
        [
          0.0038079265505075455,
          -0.9987851977348328,
          -0.04912753403186798
        ]
      ],
      "aspect": 1.0,
      "focal": 1147.0603110909785,
      "ppx": 671.0,
      "ppy": 447.0,
      "t": [
        [
          0.0
        ],
        [
          0.0
        ],
        [
          0.0
        ]
      ]
    },
    {
      "R": [
        [
          -0.7274240255355835,
          -0.477994829416275,
          -0.4923160970211029
        ],
        [
          0.4703552722930908,
          0.17505651712417603,
          -0.8649399280548096
        ],
        [
          0.4996199905872345,
          -0.8607416152954102,
          0.09748707711696625
        ]
      ],
      "aspect": 1.0,
      "focal": 1160.0642746566361,
      "ppx": 671.0,
      "ppy": 447.0,
      "t": [
        [
          0.0
        ],
        [
          0.0
        ],
        [
          0.0
        ]
      ]
    },
    {
      "R": [
        [
          -0.030906515195965767,
          -0.6914514303207397,
          -0.7217614650726318
        ],
        [
          0.7076215147972107,
          0.494853138923645,
          -0.5043730139732361
        ],
        [
          0.7059153914451599,
          -0.5263224840164185,
          0.4739917814731598
        ]
      ],
      "aspect": 1.0,
      "focal": 1150.8692799373343,
      "ppx": 671.0,
      "ppy": 447.0,
      "t": [
        [
          0.0
        ],
        [
          0.0
        ],
        [
          0.0
        ]
      ]
    },
    {
      "R": [
        [
          0.6918063163757324,
          -0.49251678586006165,
          -0.5280448198318481
        ],
        [
          0.4913013279438019,
          0.8569702506065369,
          -0.15564370155334473
        ],
        [
          0.5291758179664612,
          -0.15175382792949677,
          0.8348315954208374
        ]
      ],
      "aspect": 1.0,
      "focal": 1112.477678306199,
      "ppx": 671.0,
      "ppy": 447.0,
      "t": [
        [
          0.0
        ],
        [
          0.0
        ],
        [
          0.0
        ]
      ]
    },
    {
      "R": [
        [
          1.0,
          9.313225746154785e-10,
          0.0
        ],
        [
          9.313225746154785e-10,
          1.0,
          0.0
        ],
        [
          0.0,
          -7.450580596923828e-09,
          1.0
        ]
      ],
      "aspect": 1.0,
      "focal": 1093.8569100690827,
      "ppx": 671.0,
      "ppy": 447.0,
      "t": [
        [
          0.0
        ],
        [
          0.0
        ],
        [
          0.0
        ]
      ]
    },
    {
      "R": [
        [
          0.6897121667861938,
          0.5018697381019592,
          0.5219423770904541
        ],
        [
          -0.5015918016433716,
          0.8510196208953857,
          -0.1554712951183319
        ],
        [
          -0.5222095251083374,
          -0.154571533203125,
          0.838692307472229
        ]
      ],
      "aspect": 1.0,
      "focal": 1112.7201497322944,
      "ppx": 671.0,
      "ppy": 447.0,
      "t": [
        [
          0.0
        ],
        [
          0.0
        ],
        [
          0.0
        ]
      ]
    },
    {
      "R": [
        [
          -0.045336753129959106,
          0.6900964975357056,
          0.722295880317688
        ],
        [
          -0.6861042380332947,
          0.5040212869644165,
          -0.5246174931526184
        ],
        [
          -0.7260892391204834,
          -0.5193547606468201,
          0.4506274461746216
        ]
      ],
      "aspect": 1.0,
      "focal": 1134.9819068563231,
      "ppx": 671.0,
      "ppy": 447.0,
      "t": [
        [
          0.0
        ],
        [
          0.0
        ],
        [
          0.0
        ]
      ]
    },
    {
      "R": [
        [
          -0.7157812118530273,
          0.48099207878112793,
          0.5062645673751831
        ],
        [
          -0.480592280626297,
          0.1866787225008011,
          -0.8568442463874817
        ],
        [
          -0.5066441297531128,
          -0.8566198945045471,
          0.09753993898630142
        ]
      ],
      "aspect": 1.0,
      "focal": 1133.415518670794,
      "ppx": 671.0,
      "ppy": 447.0,
      "t": [
        [
          0.0
        ],
        [
          0.0
        ],
        [
          0.0
        ]
      ]
    },
    {
      "R": [
        [
          -0.999902606010437,
          0.01362662948668003,
          0.002985057421028614
        ],
        [
          -0.007390227168798447,
          -0.3359628915786743,
          -0.9418462514877319
        ],
        [
          -0.01183132454752922,
          -0.941776692867279,
          0.33603090047836304
        ]
      ],
      "aspect": 1.0,
      "focal": 1137.8769496681202,
      "ppx": 671.0,
      "ppy": 447.0,
      "t": [
        [
          0.0
        ],
        [
          0.0
        ],
        [
          0.0
        ]
      ]
    },
    {
      "R": [
        [
          -0.01565600372850895,
          -0.9144105315208435,
          -0.4044852554798126
        ],
        [
          0.7056112885475159,
          0.2765142023563385,
          -0.6524206399917603
        ],
        [
          0.7084261775016785,
          -0.29562366008758545,
          0.6408892273902893
        ]
      ],
      "aspect": 1.0,
      "focal": 1148.976063407323,
      "ppx": 671.0,
      "ppy": 447.0,
      "t": [
        [
          0.0
        ],
        [
          0.0
        ],
        [
          0.0
        ]
      ]
    },
    {
      "R": [
        [
          0.9998934864997864,
          -0.014256264083087444,
          -0.0031285248696804047
        ],
        [
          0.011839012615382671,
          0.9175653457641602,
          -0.39740878343582153
        ],
        [
          0.008536189794540405,
          0.3973293900489807,
          0.9176363348960876
        ]
      ],
      "aspect": 1.0,
      "focal": 1085.6703947793396,
      "ppx": 671.0,
      "ppy": 447.0,
      "t": [
        [
          0.0
        ],
        [
          0.0
        ],
        [
          0.0
        ]
      ]
    },
    {
      "R": [
        [
          -0.05351193621754646,
          0.9161308407783508,
          0.39729177951812744
        ],
        [
          -0.6760191917419434,
          0.25958719849586487,
          -0.6896466612815857
        ],
        [
          -0.7349384427070618,
          -0.3054811954498291,
          0.6054310202598572
        ]
      ],
      "aspect": 1.0,
      "focal": 1116.303341207085,
      "ppx": 671.0,
      "ppy": 447.0,
      "t": [
        [
          0.0
        ],
        [
          0.0
        ],
        [
          0.0
        ]
      ]
    },
    {
      "R": [
        [
          -0.9998801946640015,
          0.013736819848418236,
          -0.0071331411600112915
        ],
        [
          -0.00432529067620635,
          -0.6904531717300415,
          -0.7233641743659973
        ],
        [
          -0.014861822128295898,
          -0.7232466340065002,
          0.6904299259185791
        ]
      ],
      "aspect": 1.0,
      "focal": 1119.556197204809,
      "ppx": 671.0,
      "ppy": 447.0,
      "t": [
        [
          0.0
        ],
        [
          0.0
        ],
        [
          0.0
        ]
      ]
    }
  ]
]