[
  "pinhole_focal_lengths_statistics:",
  {
    "median": 1088.9261633570122,
    "mean": 1088.8832684587783,
    "min": 1068.3202622923386,
    "max": 1106.0876822241798,
    "stdev": 11.794373316161892
  },
  "pinhole_focal_lengths:",
  [
    1084.847711804713,
    1068.3202622923386,
    1080.0531245218315,
    1085.1276425893627,
    1092.724684124662,
    1097.8406686064689,
    1106.0876822241798,
    1096.0643715066694
  ],
  "list_of_camera_params_for_disk_output:",
  [
    {
      "R": [
        [
          -0.7131003737449646,
          -0.134998619556427,
          -0.687941312789917
        ],
        [
          0.2938055098056793,
          0.8334062695503235,
          -0.4680944085121155
        ],
        [
          0.6365267038345337,
          -0.535919189453125,
          -0.5546389818191528
        ]
      ],
      "aspect": 1.0,
      "focal": 1084.847711804713,
      "ppx": 671.0,
      "ppy": 447.0,
      "t": [
        [
          0.0
        ],
        [
          0.0
        ],
        [
          0.0
        ]
      ]
    },
    {
      "R": [
        [
          -0.0007282544393092394,
          -0.2667655646800995,
          -0.9637612700462341
        ],
        [
          0.3293258249759674,
          0.9099352955818176,
          -0.2521155774593353
        ],
        [
          0.9442160725593567,
          -0.317575067281723,
          0.08719013631343842
        ]
      ],
      "aspect": 1.0,
      "focal": 1068.3202622923386,
      "ppx": 671.0,
      "ppy": 447.0,
      "t": [
        [
          0.0
        ],
        [
          0.0
        ],
        [
          0.0
        ]
      ]
    },
    {
      "R": [
        [
          0.7123957276344299,
          -0.20261269807815552,
          -0.6718932390213013
        ],
        [
          0.2211662083864212,
          0.973446786403656,
          -0.05904927849769592
        ],
        [
          0.6660163998603821,
          -0.10653364658355713,
          0.7382904291152954
        ]
      ],
      "aspect": 1.0,
      "focal": 1080.0531245218315,
      "ppx": 671.0,
      "ppy": 447.0,
      "t": [
        [
          0.0
        ],
        [
          0.0
        ],
        [
          0.0
        ]
      ]
    },
    {
      "R": [
        [
          1.0,
          5.820766091346741e-10,
          1.1641532182693481e-09
        ],
        [
          5.820766091346741e-10,
          1.0,
          -2.9802322387695312e-08
        ],
        [
          1.1641532182693481e-09,
          -2.9802322387695312e-08,
          1.0
        ]
      ],
      "aspect": 1.0,
      "focal": 1085.1276425893627,
      "ppx": 671.0,
      "ppy": 447.0,
      "t": [
        [
          0.0
        ],
        [
          0.0
        ],
        [
          0.0
        ]
      ]
    },
    {
      "R": [
        [
          0.7059922218322754,
          0.2551065683364868,
          0.6606782078742981
        ],
        [
          -0.235044464468956,
          0.9643967151641846,
          -0.12121535837650299
        ],
        [
          -0.6680787801742554,
          -0.06971165537834167,
          0.7408178448677063
        ]
      ],
      "aspect": 1.0,
      "focal": 1092.724684124662,
      "ppx": 671.0,
      "ppy": 447.0,
      "t": [
        [
          0.0
        ],
        [
          0.0
        ],
        [
          0.0
        ]
      ]
    },
    {
      "R": [
        [
          -0.0032655983231961727,
          0.37029922008514404,
          0.9289068579673767
        ],
        [
          -0.2875879108905792,
          0.8893210291862488,
          -0.35552978515625
        ],
        [
          -0.9577487111091614,
          -0.26830336451530457,
          0.10358941555023193
        ]
      ],
      "aspect": 1.0,
      "focal": 1097.8406686064689,
      "ppx": 671.0,
      "ppy": 447.0,
      "t": [
        [
          0.0
        ],
        [
          0.0
        ],
        [
          0.0
        ]
      ]
    },
    {
      "R": [
        [
          -0.6978922486305237,
          0.313652902841568,
          0.6438698172569275
        ],
        [
          -0.1410980224609375,
          0.8211735486984253,
          -0.5529606342315674
        ],
        [
          -0.7021665573120117,
          -0.47675567865371704,
          -0.5288347601890564
        ]
      ],
      "aspect": 1.0,
      "focal": 1106.0876822241798,
      "ppx": 671.0,
      "ppy": 447.0,
      "t": [
        [
          0.0
        ],
        [
          0.0
        ],
        [
          0.0
        ]
      ]
    },
    {
      "R": [
        [
          -0.9943944215774536,
          0.10573146492242813,
          0.00081508734729141
        ],
        [
          0.08403931558132172,
          0.7950129508972168,
          -0.6007426977157593
        ],
        [
          -0.06416541337966919,
          -0.5973066091537476,
          -0.7994420528411865
        ]
      ],
      "aspect": 1.0,
      "focal": 1096.0643715066694,
      "ppx": 671.0,
      "ppy": 447.0,
      "t": [
        [
          0.0
        ],
        [
          0.0
        ],
        [
          0.0
        ]
      ]
    }
  ]
]