[
  "pinhole_focal_lengths_statistics:",
  {
    "median": 1131.547324414678,
    "mean": 1132.6402030429929,
    "min": 1118.4928837778432,
    "max": 1142.9115705349188,
    "stdev": 7.517987972783605
  },
  "pinhole_focal_lengths:",
  [
    1130.4426559314516,
    1128.027309894208,
    1128.9355121681137,
    1118.4928837778432,
    1128.5501589812247,
    1131.547324414678,
    1136.1072324765698,
    1132.0213841262982,
    1138.4139953246372,
    1118.8850651756977,
    1142.1949978726755,
    1125.7750915379638,
    1127.4681584191137,
    1125.8208059424524,
    1141.9556888648183,
    1130.9364254207705,
    1142.9115705349188,
    1141.6393244990636,
    1132.7608855171907,
    1140.8077740826698,
    1141.7500189404932
  ],
  "list_of_camera_params_for_disk_output:",
  [
    {
      "R": [
        [
          -0.01270207017660141,
          0.3240737318992615,
          0.9459465742111206
        ],
        [
          -0.6895811557769775,
          0.682228684425354,
          -0.24298571050167084
        ],
        [
          -0.7240970730781555,
          -0.655393123626709,
          0.21480940282344818
        ]
      ],
      "aspect": 1.0,
      "focal": 1130.4426559314516,
      "ppx": 671.0,
      "ppy": 447.0,
      "t": [
        [
          0.0
        ],
        [
          0.0
        ],
        [
          0.0
        ]
      ]
    },
    {
      "R": [
        [
          -0.7003027200698853,
          0.24570846557617188,
          0.6702264547348022
        ],
        [
          -0.47550123929977417,
          0.5397124886512756,
          -0.6947005987167358
        ],
        [
          -0.5324233770370483,
          -0.8051941990852356,
          -0.26112741231918335
        ]
      ],
      "aspect": 1.0,
      "focal": 1128.027309894208,
      "ppx": 671.0,
      "ppy": 447.0,
      "t": [
        [
          0.0
        ],
        [
          0.0
        ],
        [
          0.0
        ]
      ]
    },
    {
      "R": [
        [
          -0.9996317625045776,
          0.025274917483329773,
          -0.009870454668998718
        ],
        [
          0.020623981952667236,
          0.4713614284992218,
          -0.8816989064216614
        ],
        [
          -0.01763235032558441,
          -0.8815778493881226,
          -0.47170916199684143
        ]
      ],
      "aspect": 1.0,
      "focal": 1128.9355121681137,
      "ppx": 671.0,
      "ppy": 447.0,
      "t": [
        [
          0.0
        ],
        [
          0.0
        ],
        [
          0.0
        ]
      ]
    },
    {
      "R": [
        [
          -0.7082952260971069,
          -0.19591209292411804,
          -0.6781859993934631
        ],
        [
          0.5033138394355774,
          0.5334718227386475,
          -0.6797667741775513
        ],
        [
          0.4949676990509033,
          -0.8228159546852112,
          -0.27925026416778564
        ]
      ],
      "aspect": 1.0,
      "focal": 1118.4928837778432,
      "ppx": 671.0,
      "ppy": 447.0,
      "t": [
        [
          0.0
        ],
        [
          0.0
        ],
        [
          0.0
        ]
      ]
    },
    {
      "R": [
        [
          -0.005393862724304199,
          -0.29473063349723816,
          -0.9555650949478149
        ],
        [
          0.6932485103607178,
          0.6875731945037842,
          -0.21598544716835022
        ],
        [
          0.720678448677063,
          -0.6636090278625488,
          0.2006128579378128
        ]
      ],
      "aspect": 1.0,
      "focal": 1128.5501589812247,
      "ppx": 671.0,
      "ppy": 447.0,
      "t": [
        [
          0.0
        ],
        [
          0.0
        ],
        [
          0.0
        ]
      ]
    },
    {
      "R": [
        [
          0.7207546234130859,
          -0.20916630327701569,
          -0.660879909992218
        ],
        [
          0.4793711006641388,
          0.8390654921531677,
          0.2572399377822876
        ],
        [
          0.5007156133651733,
          -0.5022135972976685,
          0.7050285935401917
        ]
      ],
      "aspect": 1.0,
      "focal": 1131.547324414678,
      "ppx": 671.0,
      "ppy": 447.0,
      "t": [
        [
          0.0
        ],
        [
          0.0
        ],
        [
          0.0
        ]
      ]
    },
    {
      "R": [
        [
          0.9998892545700073,
          0.0027102231979370117,
          0.014631345868110657
        ],
        [
          -0.008796930313110352,
          0.9007105827331543,
          0.434330552816391
        ],
        [
          -0.012001454830169678,
          -0.4344111680984497,
          0.9006346464157104
        ]
      ],
      "aspect": 1.0,
      "focal": 1136.1072324765698,
      "ppx": 671.0,
      "ppy": 447.0,
      "t": [
        [
          0.0
        ],
        [
          0.0
        ],
        [
          0.0
        ]
      ]
    },
    {
      "R": [
        [
          0.6981856822967529,
          0.23177781701087952,
          0.6773594617843628
        ],
        [
          -0.499299019575119,
          0.83570396900177,
          0.22869065403938293
        ],
        [
          -0.5130665302276611,
          -0.49787336587905884,
          0.6992028951644897
        ]
      ],
      "aspect": 1.0,
      "focal": 1132.0213841262982,
      "ppx": 671.0,
      "ppy": 447.0,
      "t": [
        [
          0.0
        ],
        [
          0.0
        ],
        [
          0.0
        ]
      ]
    },
    {
      "R": [
        [
          -0.007846653461456299,
          0.6991559267044067,
          0.7149261832237244
        ],
        [
          -0.6795145869255066,
          0.5207883715629578,
          -0.5167585015296936
        ],
        [
          -0.7336199879646301,
          -0.48985761404037476,
          0.47100022435188293
        ]
      ],
      "aspect": 1.0,
      "focal": 1138.4139953246372,
      "ppx": 671.0,
      "ppy": 447.0,
      "t": [
        [
          0.0
        ],
        [
          0.0
        ],
        [
          0.0
        ]
      ]
    },
    {
      "R": [
        [
          -0.7038475871086121,
          0.5141598582267761,
          0.4901409447193146
        ],
        [
          -0.4614414572715759,
          0.19365271925926208,
          -0.8657773733139038
        ],
        [
          -0.5400651097297668,
          -0.8355465531349182,
          0.10095267742872238
        ]
      ],
      "aspect": 1.0,
      "focal": 1118.8850651756977,
      "ppx": 671.0,
      "ppy": 447.0,
      "t": [
        [
          0.0
        ],
        [
          0.0
        ],
        [
          0.0
        ]
      ]
    },
    {
      "R": [
        [
          -0.9995680451393127,
          0.019280195236206055,
          -0.02218201756477356
        ],
        [
          0.023206397891044617,
          0.0546405166387558,
          -0.998236358165741
        ],
        [
          -0.0180341899394989,
          -0.9983198642730713,
          -0.055064380168914795
        ]
      ],
      "aspect": 1.0,
      "focal": 1142.1949978726755,
      "ppx": 671.0,
      "ppy": 447.0,
      "t": [
        [
          0.0
        ],
        [
          0.0
        ],
        [
          0.0
        ]
      ]
    },
    {
      "R": [
        [
          -0.7112391591072083,
          -0.46573662757873535,
          -0.5265247225761414
        ],
        [
          0.49986371397972107,
          0.19154667854309082,
          -0.8446574211120605
        ],
        [
          0.4942419230937958,
          -0.8639439940452576,
          0.09656929969787598
        ]
      ],
      "aspect": 1.0,
      "focal": 1125.7750915379638,
      "ppx": 671.0,
      "ppy": 447.0,
      "t": [
        [
          0.0
        ],
        [
          0.0
        ],
        [
          0.0
        ]
      ]
    },
    {
      "R": [
        [
          -0.023337818682193756,
          -0.6770963072776794,
          -0.7355241775512695
        ],
        [
          0.6979846954345703,
          0.5156897902488708,
          -0.49687159061431885
        ],
        [
          0.7157322764396667,
          -0.5249805450439453,
          0.46056777238845825
        ]
      ],
      "aspect": 1.0,
      "focal": 1127.4681584191137,
      "ppx": 671.0,
      "ppy": 447.0,
      "t": [
        [
          0.0
        ],
        [
          0.0
        ],
        [
          0.0
        ]
      ]
    },
    {
      "R": [
        [
          0.6966127753257751,
          -0.4923200011253357,
          -0.5218733549118042
        ],
        [
          0.4974927306175232,
          0.8555889129638672,
          -0.14306864142417908
        ],
        [
          0.5169445276260376,
          -0.15996474027633667,
          0.8409397006034851
        ]
      ],
      "aspect": 1.0,
      "focal": 1125.8208059424524,
      "ppx": 671.0,
      "ppy": 447.0,
      "t": [
        [
          0.0
        ],
        [
          0.0
        ],
        [
          0.0
        ]
      ]
    },
    {
      "R": [
        [
          1.0,
          1.1175870895385742e-08,
          0.0
        ],
        [
          1.1175870895385742e-08,
          1.0,
          1.4901161193847656e-08
        ],
        [
          1.4901161193847656e-08,
          2.9802322387695312e-08,
          1.0
        ]
      ],
      "aspect": 1.0,
      "focal": 1141.9556888648183,
      "ppx": 671.0,
      "ppy": 447.0,
      "t": [
        [
          0.0
        ],
        [
          0.0
        ],
        [
          0.0
        ]
      ]
    },
    {
      "R": [
        [
          0.7302896976470947,
          0.4753585457801819,
          0.49062320590019226
        ],
        [
          -0.4687110185623169,
          0.8711414933204651,
          -0.14636430144309998
        ],
        [
          -0.4969777464866638,
          -0.12307211756706238,
          0.8589914441108704
        ]
      ],
      "aspect": 1.0,
      "focal": 1130.9364254207705,
      "ppx": 671.0,
      "ppy": 447.0,
      "t": [
        [
          0.0
        ],
        [
          0.0
        ],
        [
          0.0
        ]
      ]
    },
    {
      "R": [
        [
          0.047842152416706085,
          0.9148025512695312,
          0.4010578989982605
        ],
        [
          -0.6722396612167358,
          0.32646462321281433,
          -0.6644657850265503
        ],
        [
          -0.7387861609458923,
          -0.23781755566596985,
          0.630585253238678
        ]
      ],
      "aspect": 1.0,
      "focal": 1142.9115705349188,
      "ppx": 671.0,
      "ppy": 447.0,
      "t": [
        [
          0.0
        ],
        [
          0.0
        ],
        [
          0.0
        ]
      ]
    },
    {
      "R": [
        [
          -0.9990059733390808,
          0.04110501706600189,
          -0.017246700823307037
        ],
        [
          0.003191765397787094,
          -0.31994733214378357,
          -0.947429895401001
        ],
        [
          -0.0444621741771698,
          -0.9465432167053223,
          0.31949812173843384
        ]
      ],
      "aspect": 1.0,
      "focal": 1141.6393244990636,
      "ppx": 671.0,
      "ppy": 447.0,
      "t": [
        [
          0.0
        ],
        [
          0.0
        ],
        [
          0.0
        ]
      ]
    },
    {
      "R": [
        [
          -0.05865184962749481,
          -0.9032258987426758,
          -0.42513859272003174
        ],
        [
          0.6959841847419739,
          0.26830631494522095,
          -0.6660463809967041
        ],
        [
          0.7156577110290527,
          -0.33495455980300903,
          0.6128942370414734
        ]
      ],
      "aspect": 1.0,
      "focal": 1132.7608855171907,
      "ppx": 671.0,
      "ppy": 447.0,
      "t": [
        [
          0.0
        ],
        [
          0.0
        ],
        [
          0.0
        ]
      ]
    },
    {
      "R": [
        [
          0.9989389777183533,
          -0.04293198511004448,
          -0.01666112244129181
        ],
        [
          0.03328147903084755,
          0.9230855703353882,
          -0.38315194845199585
        ],
        [
          0.031829118728637695,
          0.3821909427642822,
          0.9235350489616394
        ]
      ],
      "aspect": 1.0,
      "focal": 1140.8077740826698,
      "ppx": 671.0,
      "ppy": 447.0,
      "t": [
        [
          0.0
        ],
        [
          0.0
        ],
        [
          0.0
        ]
      ]
    },
    {
      "R": [
        [
          0.0564386248588562,
          0.9982430934906006,
          -0.018036261200904846
        ],
        [
          -0.6683440804481506,
          0.024354100227355957,
          -0.7434534430503845
        ],
        [
          -0.7417080402374268,
          0.05401389300823212,
          0.6685444116592407
        ]
      ],
      "aspect": 1.0,
      "focal": 1141.7500189404932,
      "ppx": 671.0,
      "ppy": 447.0,
      "t": [
        [
          0.0
        ],
        [
          0.0
        ],
        [
          0.0
        ]
      ]
    }
  ]
]