[
  "pinhole_focal_lengths_statistics:",
  {
    "median": 1140.9803461176298,
    "mean": 1121.6714581993067,
    "min": 1067.1152646424025,
    "max": 1161.376909187299,
    "stdev": 32.4164026414169
  },
  "pinhole_focal_lengths:",
  [
    1089.4143830841765,
    1076.885497294432,
    1067.1152646424025,
    1069.3638944005297,
    1083.4762983258418,
    1094.0333846265153,
    1129.7422524359679,
    1124.5642886739104,
    1150.9326235571668,
    1141.7343603586057,
    1157.515939823226,
    1161.376909187299,
    1086.82953280336,
    1100.7894527205444,
    1144.6697606244009,
    1150.2924377759134,
    1147.201131388932,
    1150.1412426397462,
    1141.8802471258045,
    1146.161374579034,
    1140.9803461176298
  ],
  "list_of_camera_params_for_disk_output:",
  [
    {
      "R": [
        [
          -0.01569296419620514,
          0.36390137672424316,
          0.9313053488731384
        ],
        [
          -0.7073081135749817,
          0.6543043851852417,
          -0.26758360862731934
        ],
        [
          -0.7067312002182007,
          -0.6629189252853394,
          0.2471224069595337
        ]
      ],
      "aspect": 1.0,
      "focal": 1089.4143830841765,
      "ppx": 671.0,
      "ppy": 447.0,
      "t": [
        [
          0.0
        ],
        [
          0.0
        ],
        [
          0.0
        ]
      ]
    },
    {
      "R": [
        [
          -0.7202920913696289,
          0.2950056195259094,
          0.627814531326294
        ],
        [
          -0.45134520530700684,
          0.48795872926712036,
          -0.7471170425415039
        ],
        [
          -0.5267512798309326,
          -0.8215034604072571,
          -0.2183234542608261
        ]
      ],
      "aspect": 1.0,
      "focal": 1076.885497294432,
      "ppx": 671.0,
      "ppy": 447.0,
      "t": [
        [
          0.0
        ],
        [
          0.0
        ],
        [
          0.0
        ]
      ]
    },
    {
      "R": [
        [
          -0.9956215023994446,
          0.06651511788368225,
          -0.06567846983671188
        ],
        [
          0.08739402890205383,
          0.41303393244743347,
          -0.9065127372741699
        ],
        [
          -0.033169373869895935,
          -0.9082832932472229,
          -0.4170384407043457
        ]
      ],
      "aspect": 1.0,
      "focal": 1067.1152646424025,
      "ppx": 671.0,
      "ppy": 447.0,
      "t": [
        [
          0.0
        ],
        [
          0.0
        ],
        [
          0.0
        ]
      ]
    },
    {
      "R": [
        [
          -0.6720671057701111,
          -0.15429773926734924,
          -0.724236249923706
        ],
        [
          0.5917088389396667,
          0.4761282801628113,
          -0.6505247354507446
        ],
        [
          0.4452038109302521,
          -0.8657332062721252,
          -0.22869081795215607
        ]
      ],
      "aspect": 1.0,
      "focal": 1069.3638944005297,
      "ppx": 671.0,
      "ppy": 447.0,
      "t": [
        [
          0.0
        ],
        [
          0.0
        ],
        [
          0.0
        ]
      ]
    },
    {
      "R": [
        [
          0.05306284874677658,
          -0.26971203088760376,
          -0.9614779949188232
        ],
        [
          0.7372451424598694,
          0.6600018739700317,
          -0.14445480704307556
        ],
        [
          0.6735383868217468,
          -0.7011796832084656,
          0.2338654100894928
        ]
      ],
      "aspect": 1.0,
      "focal": 1083.4762983258418,
      "ppx": 671.0,
      "ppy": 447.0,
      "t": [
        [
          0.0
        ],
        [
          0.0
        ],
        [
          0.0
        ]
      ]
    },
    {
      "R": [
        [
          0.7476800680160522,
          -0.1894952356815338,
          -0.6364480257034302
        ],
        [
          0.477183073759079,
          0.8198383450508118,
          0.3164827227592468
        ],
        [
          0.4618125259876251,
          -0.5403300523757935,
          0.703400731086731
        ]
      ],
      "aspect": 1.0,
      "focal": 1094.0333846265153,
      "ppx": 671.0,
      "ppy": 447.0,
      "t": [
        [
          0.0
        ],
        [
          0.0
        ],
        [
          0.0
        ]
      ]
    },
    {
      "R": [
        [
          0.9991017580032349,
          0.013346627354621887,
          0.04021839797496796
        ],
        [
          -0.03029954433441162,
          0.8885178565979004,
          0.4578405022621155
        ],
        [
          -0.02962411940097809,
          -0.45864781737327576,
          0.8881241083145142
        ]
      ],
      "aspect": 1.0,
      "focal": 1129.7422524359679,
      "ppx": 671.0,
      "ppy": 447.0,
      "t": [
        [
          0.0
        ],
        [
          0.0
        ],
        [
          0.0
        ]
      ]
    },
    {
      "R": [
        [
          0.7072420120239258,
          0.24731923639774323,
          0.6623004674911499
        ],
        [
          -0.5084646344184875,
          0.8288300037384033,
          0.23346193134784698
        ],
        [
          -0.4911949038505554,
          -0.5018703937530518,
          0.7119364738464355
        ]
      ],
      "aspect": 1.0,
      "focal": 1124.5642886739104,
      "ppx": 671.0,
      "ppy": 447.0,
      "t": [
        [
          0.0
        ],
        [
          0.0
        ],
        [
          0.0
        ]
      ]
    },
    {
      "R": [
        [
          0.01030033826828003,
          0.7421711683273315,
          0.6701313257217407
        ],
        [
          -0.7007993459701538,
          0.48340263962745667,
          -0.52459716796875
        ],
        [
          -0.7132840156555176,
          -0.46422407031059265,
          0.5250921845436096
        ]
      ],
      "aspect": 1.0,
      "focal": 1150.9326235571668,
      "ppx": 671.0,
      "ppy": 447.0,
      "t": [
        [
          0.0
        ],
        [
          0.0
        ],
        [
          0.0
        ]
      ]
    },
    {
      "R": [
        [
          -0.7217547297477722,
          0.5319555997848511,
          0.44282424449920654
        ],
        [
          -0.4698994755744934,
          0.0931558907032013,
          -0.8777906894683838
        ],
        [
          -0.5081973075866699,
          -0.8416324853897095,
          0.18272991478443146
        ]
      ],
      "aspect": 1.0,
      "focal": 1141.7343603586057,
      "ppx": 671.0,
      "ppy": 447.0,
      "t": [
        [
          0.0
        ],
        [
          0.0
        ],
        [
          0.0
        ]
      ]
    },
    {
      "R": [
        [
          -0.9980649948120117,
          0.04781867563724518,
          -0.03974634408950806
        ],
        [
          0.037046197801828384,
          -0.05608595907688141,
          -0.9977384209632874
        ],
        [
          -0.049939751625061035,
          -0.9972801208496094,
          0.054205894470214844
        ]
      ],
      "aspect": 1.0,
      "focal": 1157.515939823226,
      "ppx": 671.0,
      "ppy": 447.0,
      "t": [
        [
          0.0
        ],
        [
          0.0
        ],
        [
          0.0
        ]
      ]
    },
    {
      "R": [
        [
          -0.7345771193504333,
          -0.44511356949806213,
          -0.5121234655380249
        ],
        [
          0.537100613117218,
          0.07977201789617538,
          -0.8397377133369446
        ],
        [
          0.41463175415992737,
          -0.8919137716293335,
          0.1804720163345337
        ]
      ],
      "aspect": 1.0,
      "focal": 1161.376909187299,
      "ppx": 671.0,
      "ppy": 447.0,
      "t": [
        [
          0.0
        ],
        [
          0.0
        ],
        [
          0.0
        ]
      ]
    },
    {
      "R": [
        [
          0.02631240338087082,
          -0.6833115816116333,
          -0.7296527028083801
        ],
        [
          0.7251039147377014,
          0.515494704246521,
          -0.45660656690597534
        ],
        [
          0.6881365776062012,
          -0.5170596241950989,
          0.5090357065200806
        ]
      ],
      "aspect": 1.0,
      "focal": 1086.82953280336,
      "ppx": 671.0,
      "ppy": 447.0,
      "t": [
        [
          0.0
        ],
        [
          0.0
        ],
        [
          0.0
        ]
      ]
    },
    {
      "R": [
        [
          0.7218208909034729,
          -0.48887336254119873,
          -0.4898749589920044
        ],
        [
          0.49949324131011963,
          0.857939600944519,
          -0.12019221484661102
        ],
        [
          0.4790418744087219,
          -0.15793195366859436,
          0.8634675741195679
        ]
      ],
      "aspect": 1.0,
      "focal": 1100.7894527205444,
      "ppx": 671.0,
      "ppy": 447.0,
      "t": [
        [
          0.0
        ],
        [
          0.0
        ],
        [
          0.0
        ]
      ]
    },
    {
      "R": [
        [
          1.0,
          3.725290298461914e-09,
          0.0
        ],
        [
          7.450580596923828e-09,
          1.0,
          0.0
        ],
        [
          0.0,
          0.0,
          1.0
        ]
      ],
      "aspect": 1.0,
      "focal": 1144.6697606244009,
      "ppx": 671.0,
      "ppy": 447.0,
      "t": [
        [
          0.0
        ],
        [
          0.0
        ],
        [
          0.0
        ]
      ]
    },
    {
      "R": [
        [
          0.7164682745933533,
          0.5068656802177429,
          0.4793333411216736
        ],
        [
          -0.4910469353199005,
          0.8544695377349854,
          -0.1695723831653595
        ],
        [
          -0.4955260753631592,
          -0.11388188600540161,
          0.8610950708389282
        ]
      ],
      "aspect": 1.0,
      "focal": 1150.2924377759134,
      "ppx": 671.0,
      "ppy": 447.0,
      "t": [
        [
          0.0
        ],
        [
          0.0
        ],
        [
          0.0
        ]
      ]
    },
    {
      "R": [
        [
          0.053407035768032074,
          0.9296464920043945,
          0.3645615577697754
        ],
        [
          -0.6948896646499634,
          0.2967856526374817,
          -0.6550164818763733
        ],
        [
          -0.7171303629875183,
          -0.21834751963615417,
          0.6618521213531494
        ]
      ],
      "aspect": 1.0,
      "focal": 1147.201131388932,
      "ppx": 671.0,
      "ppy": 447.0,
      "t": [
        [
          0.0
        ],
        [
          0.0
        ],
        [
          0.0
        ]
      ]
    },
    {
      "R": [
        [
          -0.9972622990608215,
          0.062286943197250366,
          -0.0398547425866127
        ],
        [
          0.012784581631422043,
          -0.3856211304664612,
          -0.922568678855896
        ],
        [
          -0.07283282279968262,
          -0.9205523729324341,
          0.3837690055370331
        ]
      ],
      "aspect": 1.0,
      "focal": 1150.1412426397462,
      "ppx": 671.0,
      "ppy": 447.0,
      "t": [
        [
          0.0
        ],
        [
          0.0
        ],
        [
          0.0
        ]
      ]
    },
    {
      "R": [
        [
          -0.052600517868995667,
          -0.9059902429580688,
          -0.4200177490711212
        ],
        [
          0.7357265949249268,
          0.2492379993200302,
          -0.629751443862915
        ],
        [
          0.675233006477356,
          -0.3421434462070465,
          0.6534510254859924
        ]
      ],
      "aspect": 1.0,
      "focal": 1141.8802471258045,
      "ppx": 671.0,
      "ppy": 447.0,
      "t": [
        [
          0.0
        ],
        [
          0.0
        ],
        [
          0.0
        ]
      ]
    },
    {
      "R": [
        [
          0.9992709159851074,
          -0.03463008254766464,
          -0.016082003712654114
        ],
        [
          0.026359055191278458,
          0.9303940534591675,
          -0.3656120300292969
        ],
        [
          0.02762378752231598,
          0.364921510219574,
          0.9306283593177795
        ]
      ],
      "aspect": 1.0,
      "focal": 1146.161374579034,
      "ppx": 671.0,
      "ppy": 447.0,
      "t": [
        [
          0.0
        ],
        [
          0.0
        ],
        [
          0.0
        ]
      ]
    },
    {
      "R": [
        [
          0.09108726680278778,
          0.9954017400741577,
          -0.029638633131980896
        ],
        [
          -0.6938427686691284,
          0.042086657136678696,
          -0.7188957333564758
        ],
        [
          -0.7143425941467285,
          0.08604680001735687,
          0.6944857835769653
        ]
      ],
      "aspect": 1.0,
      "focal": 1140.9803461176298,
      "ppx": 671.0,
      "ppy": 447.0,
      "t": [
        [
          0.0
        ],
        [
          0.0
        ],
        [
          0.0
        ]
      ]
    }
  ]
]