[
  "pinhole_focal_lengths_statistics:",
  {
    "median": 1120.0369799169898,
    "mean": 1112.33080047501,
    "min": 1078.046458628693,
    "max": 1135.5724768572268,
    "stdev": 17.202942960045196
  },
  "pinhole_focal_lengths:",
  [
    1086.1581494934853,
    1120.9145008169419,
    1124.1842657384586,
    1085.033543151185,
    1093.4617599092778,
    1105.213948174296,
    1108.4062440985656,
    1093.7584085096341,
    1078.046458628693,
    1128.165288230564,
    1125.9936385911883,
    1104.9903933218297,
    1104.588454180558,
    1112.5301619285049,
    1135.5724768572268,
    1121.638958604359,
    1120.0369799169898,
    1133.7388225656123,
    1121.2520304897694,
    1134.282641057562,
    1120.9796857105077
  ],
  "list_of_camera_params_for_disk_output:",
  [
    {
      "R": [
        [
          -0.08792270720005035,
          0.33024805784225464,
          0.9397902488708496
        ],
        [
          -0.9182948470115662,
          0.3387235105037689,
          -0.20494121313095093
        ],
        [
          -0.3860104978084564,
          -0.881023645401001,
          0.27348360419273376
        ]
      ],
      "aspect": 1.0,
      "focal": 1086.1581494934853,
      "ppx": 671.0,
      "ppy": 447.0,
      "t": [
        [
          0.0
        ],
        [
          0.0
        ],
        [
          0.0
        ]
      ]
    },
    {
      "R": [
        [
          -0.7888732552528381,
          0.2108379602432251,
          0.577257513999939
        ],
        [
          -0.5656250715255737,
          0.1181994304060936,
          -0.8161476254463196
        ],
        [
          -0.24030642211437225,
          -0.9703484773635864,
          0.026010878384113312
        ]
      ],
      "aspect": 1.0,
      "focal": 1120.9145008169419,
      "ppx": 671.0,
      "ppy": 447.0,
      "t": [
        [
          0.0
        ],
        [
          0.0
        ],
        [
          0.0
        ]
      ]
    },
    {
      "R": [
        [
          -0.9940662980079651,
          -0.004195034503936768,
          -0.10869453847408295
        ],
        [
          0.10830889642238617,
          0.054278984665870667,
          -0.9926342964172363
        ],
        [
          0.01006394624710083,
          -0.9985169768333435,
          -0.05350252985954285
        ]
      ],
      "aspect": 1.0,
      "focal": 1124.1842657384586,
      "ppx": 671.0,
      "ppy": 447.0,
      "t": [
        [
          0.0
        ],
        [
          0.0
        ],
        [
          0.0
        ]
      ]
    },
    {
      "R": [
        [
          -0.6436797976493835,
          -0.23485013842582703,
          -0.7283691167831421
        ],
        [
          0.7120208144187927,
          0.16511079668998718,
          -0.6824694871902466
        ],
        [
          0.28053969144821167,
          -0.9579059481620789,
          0.06093975901603699
        ]
      ],
      "aspect": 1.0,
      "focal": 1085.033543151185,
      "ppx": 671.0,
      "ppy": 447.0,
      "t": [
        [
          0.0
        ],
        [
          0.0
        ],
        [
          0.0
        ]
      ]
    },
    {
      "R": [
        [
          0.07653944194316864,
          -0.3167283535003662,
          -0.9454230666160583
        ],
        [
          0.9223030805587769,
          0.38273853063583374,
          -0.053554385900497437
        ],
        [
          0.3788120150566101,
          -0.8678677082061768,
          0.32141417264938354
        ]
      ],
      "aspect": 1.0,
      "focal": 1093.4617599092778,
      "ppx": 671.0,
      "ppy": 447.0,
      "t": [
        [
          0.0
        ],
        [
          0.0
        ],
        [
          0.0
        ]
      ]
    },
    {
      "R": [
        [
          0.7725603580474854,
          -0.20786672830581665,
          -0.5999515652656555
        ],
        [
          0.5875881910324097,
          0.5921155214309692,
          0.5514882802963257
        ],
        [
          0.24060454964637756,
          -0.7785824537277222,
          0.579585075378418
        ]
      ],
      "aspect": 1.0,
      "focal": 1105.213948174296,
      "ppx": 671.0,
      "ppy": 447.0,
      "t": [
        [
          0.0
        ],
        [
          0.0
        ],
        [
          0.0
        ]
      ]
    },
    {
      "R": [
        [
          0.9967318773269653,
          0.02787882089614868,
          0.07581673562526703
        ],
        [
          -0.07497100532054901,
          0.6687363982200623,
          0.7397099733352661
        ],
        [
          -0.030079171061515808,
          -0.742976725101471,
          0.6686410307884216
        ]
      ],
      "aspect": 1.0,
      "focal": 1108.4062440985656,
      "ppx": 671.0,
      "ppy": 447.0,
      "t": [
        [
          0.0
        ],
        [
          0.0
        ],
        [
          0.0
        ]
      ]
    },
    {
      "R": [
        [
          0.6555904746055603,
          0.2455058991909027,
          0.7140923738479614
        ],
        [
          -0.6909762024879456,
          0.5764510631561279,
          0.4361833930015564
        ],
        [
          -0.30455371737480164,
          -0.7793785929679871,
          0.5475544929504395
        ]
      ],
      "aspect": 1.0,
      "focal": 1093.7584085096341,
      "ppx": 671.0,
      "ppy": 447.0,
      "t": [
        [
          0.0
        ],
        [
          0.0
        ],
        [
          0.0
        ]
      ]
    },
    {
      "R": [
        [
          -0.07227455079555511,
          0.7209532260894775,
          0.6892043948173523
        ],
        [
          -0.9055806994438171,
          0.24214565753936768,
          -0.34826552867889404
        ],
        [
          -0.41797101497650146,
          -0.6493010520935059,
          0.6353804469108582
        ]
      ],
      "aspect": 1.0,
      "focal": 1078.046458628693,
      "ppx": 671.0,
      "ppy": 447.0,
      "t": [
        [
          0.0
        ],
        [
          0.0
        ],
        [
          0.0
        ]
      ]
    },
    {
      "R": [
        [
          -0.7655340433120728,
          0.4711075723171234,
          0.43819546699523926
        ],
        [
          -0.5814805626869202,
          -0.2150874137878418,
          -0.7846130132675171
        ],
        [
          -0.27538684010505676,
          -0.8554501533508301,
          0.4385966658592224
        ]
      ],
      "aspect": 1.0,
      "focal": 1128.165288230564,
      "ppx": 671.0,
      "ppy": 447.0,
      "t": [
        [
          0.0
        ],
        [
          0.0
        ],
        [
          0.0
        ]
      ]
    },
    {
      "R": [
        [
          -0.9960963129997253,
          -0.03206928074359894,
          -0.08224160224199295
        ],
        [
          0.08827109634876251,
          -0.36795371770858765,
          -0.9256447553634644
        ],
        [
          -0.0005763322114944458,
          -0.9292908906936646,
          0.3693481385707855
        ]
      ],
      "aspect": 1.0,
      "focal": 1125.9936385911883,
      "ppx": 671.0,
      "ppy": 447.0,
      "t": [
        [
          0.0
        ],
        [
          0.0
        ],
        [
          0.0
        ]
      ]
    },
    {
      "R": [
        [
          -0.6608302593231201,
          -0.5151448249816895,
          -0.5458288788795471
        ],
        [
          0.698122501373291,
          -0.15489615499973297,
          -0.6990222930908203
        ],
        [
          0.27555087208747864,
          -0.842990517616272,
          0.4619942903518677
        ]
      ],
      "aspect": 1.0,
      "focal": 1104.9903933218297,
      "ppx": 671.0,
      "ppy": 447.0,
      "t": [
        [
          0.0
        ],
        [
          0.0
        ],
        [
          0.0
        ]
      ]
    },
    {
      "R": [
        [
          0.07309974730014801,
          -0.6968650817871094,
          -0.7134671807289124
        ],
        [
          0.9214723110198975,
          0.320845365524292,
          -0.21896809339523315
        ],
        [
          0.3815038800239563,
          -0.6414337158203125,
          0.6655956506729126
        ]
      ],
      "aspect": 1.0,
      "focal": 1104.588454180558,
      "ppx": 671.0,
      "ppy": 447.0,
      "t": [
        [
          0.0
        ],
        [
          0.0
        ],
        [
          0.0
        ]
      ]
    },
    {
      "R": [
        [
          0.7341207265853882,
          -0.4800231158733368,
          -0.4802547097206116
        ],
        [
          0.625162661075592,
          0.7538686990737915,
          0.20212283730506897
        ],
        [
          0.26502525806427,
          -0.44861987233161926,
          0.8535231351852417
        ]
      ],
      "aspect": 1.0,
      "focal": 1112.5301619285049,
      "ppx": 671.0,
      "ppy": 447.0,
      "t": [
        [
          0.0
        ],
        [
          0.0
        ],
        [
          0.0
        ]
      ]
    },
    {
      "R": [
        [
          0.9992192983627319,
          0.02407209575176239,
          0.03132393956184387
        ],
        [
          -0.03379347175359726,
          0.9315104484558105,
          0.3621411919593811
        ],
        [
          -0.020461082458496094,
          -0.36291706562042236,
          0.9315967559814453
        ]
      ],
      "aspect": 1.0,
      "focal": 1135.5724768572268,
      "ppx": 671.0,
      "ppy": 447.0,
      "t": [
        [
          0.0
        ],
        [
          0.0
        ],
        [
          0.0
        ]
      ]
    },
    {
      "R": [
        [
          0.667770266532898,
          0.5245691537857056,
          0.5281193256378174
        ],
        [
          -0.6754370331764221,
          0.7251908779144287,
          0.13372722268104553
        ],
        [
          -0.3128381371498108,
          -0.44601041078567505,
          0.8385744094848633
        ]
      ],
      "aspect": 1.0,
      "focal": 1121.638958604359,
      "ppx": 671.0,
      "ppy": 447.0,
      "t": [
        [
          0.0
        ],
        [
          0.0
        ],
        [
          0.0
        ]
      ]
    },
    {
      "R": [
        [
          -0.015696946531534195,
          0.9149430990219116,
          0.4032773971557617
        ],
        [
          -0.9025756120681763,
          0.16058512032032013,
          -0.3994618058204651
        ],
        [
          -0.43024516105651855,
          -0.37025871872901917,
          0.8232846260070801
        ]
      ],
      "aspect": 1.0,
      "focal": 1120.0369799169898,
      "ppx": 671.0,
      "ppy": 447.0,
      "t": [
        [
          0.0
        ],
        [
          0.0
        ],
        [
          0.0
        ]
      ]
    },
    {
      "R": [
        [
          -0.9984282851219177,
          -0.02467922866344452,
          -0.05031682550907135
        ],
        [
          0.05422927439212799,
          -0.6520146131515503,
          -0.7562645077705383
        ],
        [
          -0.014143243432044983,
          -0.7578046321868896,
          0.6523281931877136
        ]
      ],
      "aspect": 1.0,
      "focal": 1133.7388225656123,
      "ppx": 671.0,
      "ppy": 447.0,
      "t": [
        [
          0.0
        ],
        [
          0.0
        ],
        [
          0.0
        ]
      ]
    },
    {
      "R": [
        [
          0.016897480934858322,
          -0.8998918533325195,
          -0.43578559160232544
        ],
        [
          0.9161742925643921,
          0.18848396837711334,
          -0.35369259119033813
        ],
        [
          0.40042370557785034,
          -0.3932790756225586,
          0.8276427388191223
        ]
      ],
      "aspect": 1.0,
      "focal": 1121.2520304897694,
      "ppx": 671.0,
      "ppy": 447.0,
      "t": [
        [
          0.0
        ],
        [
          0.0
        ],
        [
          0.0
        ]
      ]
    },
    {
      "R": [
        [
          1.0,
          7.450580596923828e-09,
          0.0
        ],
        [
          -7.450580596923828e-09,
          1.0,
          0.0
        ],
        [
          0.0,
          0.0,
          1.0
        ]
      ],
      "aspect": 1.0,
      "focal": 1134.282641057562,
      "ppx": 671.0,
      "ppy": 447.0,
      "t": [
        [
          0.0
        ],
        [
          0.0
        ],
        [
          0.0
        ]
      ]
    },
    {
      "R": [
        [
          -0.0180722177028656,
          -0.9995869398117065,
          -0.022345975041389465
        ],
        [
          0.9004345536231995,
          -0.006556365638971329,
          -0.43494194746017456
        ],
        [
          0.4346157908439636,
          -0.02798144519329071,
          0.9001811742782593
        ]
      ],
      "aspect": 1.0,
      "focal": 1120.9796857105077,
      "ppx": 671.0,
      "ppy": 447.0,
      "t": [
        [
          0.0
        ],
        [
          0.0
        ],
        [
          0.0
        ]
      ]
    }
  ]
]